url_path,views_total,views_unique
/jongpie/NebulaQueryAndSearch/tree/main/nebula-query-and-search,16,3
/jongpie/NebulaQueryAndSearch/tree/main/nebula-query-and-search/main/classes,11,3
/jongpie/NebulaQueryAndSearch/blob/main/nebula-query-and-search/main/classes/AggregateQuery.cls,10,3
/jongpie/NebulaQueryAndSearch/blob/main/nebula-query-and-search/main/classes/Query.cls,10,3
/jongpie/NebulaQueryAndSearch,9,9
/jongpie/NebulaQueryAndSearch/tree/main/nebula-query-and-search/tests,5,1
/jongpie/NebulaQueryAndSearch/blob/main/nebula-query-and-search/main/classes/SOQL.cls,4,2
/jongpie/NebulaQueryAndSearch/activity,4,1
/jongpie/NebulaQueryAndSearch/blob/main/nebula-query-and-search/main/classes/RecordSearch.cls,2,1
/jongpie/NebulaQueryAndSearch/blob/main/nebula-query-and-search/main/classes/RecordSearch.cls-meta.xml,2,1
